// DCT { 1/4 x a(u) x a(v) x cos((2x+1)u pi / 16) x cos((2y+1)v pi / 16) } x 1000.
double cofactor[64][8][8] = {
// 0,0
  {
    { 0.1249976025, 0.1249976025, 0.1249976025, 0.1249976025, 0.1249976025, 0.1249976025, 0.1249976025, 0.1249976025, },
    { 0.1249976025, 0.1249976025, 0.1249976025, 0.1249976025, 0.1249976025, 0.1249976025, 0.1249976025, 0.1249976025, },
    { 0.1249976025, 0.1249976025, 0.1249976025, 0.1249976025, 0.1249976025, 0.1249976025, 0.1249976025, 0.1249976025, },
    { 0.1249976025, 0.1249976025, 0.1249976025, 0.1249976025, 0.1249976025, 0.1249976025, 0.1249976025, 0.1249976025, },
    { 0.1249976025, 0.1249976025, 0.1249976025, 0.1249976025, 0.1249976025, 0.1249976025, 0.1249976025, 0.1249976025, },
    { 0.1249976025, 0.1249976025, 0.1249976025, 0.1249976025, 0.1249976025, 0.1249976025, 0.1249976025, 0.1249976025, },
    { 0.1249976025, 0.1249976025, 0.1249976025, 0.1249976025, 0.1249976025, 0.1249976025, 0.1249976025, 0.1249976025, },
    { 0.1249976025, 0.1249976025, 0.1249976025, 0.1249976025, 0.1249976025, 0.1249976025, 0.1249976025, 0.1249976025, },
  },
// 0,1
  {
    { 0.173378317943, 0.146983040715, 0.098210927942, 0.0344870916744, -0.0344870916744, -0.098210927942, -0.146983040715, -0.173378317943, },
    { 0.173378317943, 0.146983040715, 0.098210927942, 0.0344870916744, -0.0344870916744, -0.098210927942, -0.146983040715, -0.173378317943, },
    { 0.173378317943, 0.146983040715, 0.098210927942, 0.0344870916744, -0.0344870916744, -0.098210927942, -0.146983040715, -0.173378317943, },
    { 0.173378317943, 0.146983040715, 0.098210927942, 0.0344870916744, -0.0344870916744, -0.098210927942, -0.146983040715, -0.173378317943, },
    { 0.173378317943, 0.146983040715, 0.098210927942, 0.0344870916744, -0.0344870916744, -0.098210927942, -0.146983040715, -0.173378317943, },
    { 0.173378317943, 0.146983040715, 0.098210927942, 0.0344870916744, -0.0344870916744, -0.098210927942, -0.146983040715, -0.173378317943, },
    { 0.173378317943, 0.146983040715, 0.098210927942, 0.0344870916744, -0.0344870916744, -0.098210927942, -0.146983040715, -0.173378317943, },
    { 0.173378317943, 0.146983040715, 0.098210927942, 0.0344870916744, -0.0344870916744, -0.098210927942, -0.146983040715, -0.173378317943, },
  },
// 0,2
  {
    { 0.16331880436, 0.0676488637563, -0.0676488637563, -0.16331880436, -0.16331880436, -0.0676488637563, 0.0676488637563, 0.16331880436, },
    { 0.16331880436, 0.0676488637563, -0.0676488637563, -0.16331880436, -0.16331880436, -0.0676488637563, 0.0676488637563, 0.16331880436, },
    { 0.16331880436, 0.0676488637563, -0.0676488637563, -0.16331880436, -0.16331880436, -0.0676488637563, 0.0676488637563, 0.16331880436, },
    { 0.16331880436, 0.0676488637563, -0.0676488637563, -0.16331880436, -0.16331880436, -0.0676488637563, 0.0676488637563, 0.16331880436, },
    { 0.16331880436, 0.0676488637563, -0.0676488637563, -0.16331880436, -0.16331880436, -0.0676488637563, 0.0676488637563, 0.16331880436, },
    { 0.16331880436, 0.0676488637563, -0.0676488637563, -0.16331880436, -0.16331880436, -0.0676488637563, 0.0676488637563, 0.16331880436, },
    { 0.16331880436, 0.0676488637563, -0.0676488637563, -0.16331880436, -0.16331880436, -0.0676488637563, 0.0676488637563, 0.16331880436, },
    { 0.16331880436, 0.0676488637563, -0.0676488637563, -0.16331880436, -0.16331880436, -0.0676488637563, 0.0676488637563, 0.16331880436, },
  },
// 0,3
  {
    { 0.146983040715, -0.0344870916744, -0.173378317943, -0.098210927942, 0.098210927942, 0.173378317943, 0.0344870916744, -0.146983040715, },
    { 0.146983040715, -0.0344870916744, -0.173378317943, -0.098210927942, 0.098210927942, 0.173378317943, 0.0344870916744, -0.146983040715, },
    { 0.146983040715, -0.0344870916744, -0.173378317943, -0.098210927942, 0.098210927942, 0.173378317943, 0.0344870916744, -0.146983040715, },
    { 0.146983040715, -0.0344870916744, -0.173378317943, -0.098210927942, 0.098210927942, 0.173378317943, 0.0344870916744, -0.146983040715, },
    { 0.146983040715, -0.0344870916744, -0.173378317943, -0.098210927942, 0.098210927942, 0.173378317943, 0.0344870916744, -0.146983040715, },
    { 0.146983040715, -0.0344870916744, -0.173378317943, -0.098210927942, 0.098210927942, 0.173378317943, 0.0344870916744, -0.146983040715, },
    { 0.146983040715, -0.0344870916744, -0.173378317943, -0.098210927942, 0.098210927942, 0.173378317943, 0.0344870916744, -0.146983040715, },
    { 0.146983040715, -0.0344870916744, -0.173378317943, -0.098210927942, 0.098210927942, 0.173378317943, 0.0344870916744, -0.146983040715, },
  },
// 0,4
  {
    { 0.124998801244, -0.124998801244, -0.124998801244, 0.124998801244, 0.124998801244, -0.124998801244, -0.124998801244, 0.124998801244, },
    { 0.124998801244, -0.124998801244, -0.124998801244, 0.124998801244, 0.124998801244, -0.124998801244, -0.124998801244, 0.124998801244, },
    { 0.124998801244, -0.124998801244, -0.124998801244, 0.124998801244, 0.124998801244, -0.124998801244, -0.124998801244, 0.124998801244, },
    { 0.124998801244, -0.124998801244, -0.124998801244, 0.124998801244, 0.124998801244, -0.124998801244, -0.124998801244, 0.124998801244, },
    { 0.124998801244, -0.124998801244, -0.124998801244, 0.124998801244, 0.124998801244, -0.124998801244, -0.124998801244, 0.124998801244, },
    { 0.124998801244, -0.124998801244, -0.124998801244, 0.124998801244, 0.124998801244, -0.124998801244, -0.124998801244, 0.124998801244, },
    { 0.124998801244, -0.124998801244, -0.124998801244, 0.124998801244, 0.124998801244, -0.124998801244, -0.124998801244, 0.124998801244, },
    { 0.124998801244, -0.124998801244, -0.124998801244, 0.124998801244, 0.124998801244, -0.124998801244, -0.124998801244, 0.124998801244, },
  },
// 0,5
  {
    { 0.098210927942, -0.173378317943, 0.0344870916744, 0.146983040715, -0.146983040715, -0.0344870916744, 0.173378317943, -0.098210927942, },
    { 0.098210927942, -0.173378317943, 0.0344870916744, 0.146983040715, -0.146983040715, -0.0344870916744, 0.173378317943, -0.098210927942, },
    { 0.098210927942, -0.173378317943, 0.0344870916744, 0.146983040715, -0.146983040715, -0.0344870916744, 0.173378317943, -0.098210927942, },
    { 0.098210927942, -0.173378317943, 0.0344870916744, 0.146983040715, -0.146983040715, -0.0344870916744, 0.173378317943, -0.098210927942, },
    { 0.098210927942, -0.173378317943, 0.0344870916744, 0.146983040715, -0.146983040715, -0.0344870916744, 0.173378317943, -0.098210927942, },
    { 0.098210927942, -0.173378317943, 0.0344870916744, 0.146983040715, -0.146983040715, -0.0344870916744, 0.173378317943, -0.098210927942, },
    { 0.098210927942, -0.173378317943, 0.0344870916744, 0.146983040715, -0.146983040715, -0.0344870916744, 0.173378317943, -0.098210927942, },
    { 0.098210927942, -0.173378317943, 0.0344870916744, 0.146983040715, -0.146983040715, -0.0344870916744, 0.173378317943, -0.098210927942, },
  },
// 0,6
  {
    { 0.0676488637563, -0.16331880436, 0.16331880436, -0.0676488637563, -0.0676488637563, 0.16331880436, -0.16331880436, 0.0676488637563, },
    { 0.0676488637563, -0.16331880436, 0.16331880436, -0.0676488637563, -0.0676488637563, 0.16331880436, -0.16331880436, 0.0676488637563, },
    { 0.0676488637563, -0.16331880436, 0.16331880436, -0.0676488637563, -0.0676488637563, 0.16331880436, -0.16331880436, 0.0676488637563, },
    { 0.0676488637563, -0.16331880436, 0.16331880436, -0.0676488637563, -0.0676488637563, 0.16331880436, -0.16331880436, 0.0676488637563, },
    { 0.0676488637563, -0.16331880436, 0.16331880436, -0.0676488637563, -0.0676488637563, 0.16331880436, -0.16331880436, 0.0676488637563, },
    { 0.0676488637563, -0.16331880436, 0.16331880436, -0.0676488637563, -0.0676488637563, 0.16331880436, -0.16331880436, 0.0676488637563, },
    { 0.0676488637563, -0.16331880436, 0.16331880436, -0.0676488637563, -0.0676488637563, 0.16331880436, -0.16331880436, 0.0676488637563, },
    { 0.0676488637563, -0.16331880436, 0.16331880436, -0.0676488637563, -0.0676488637563, 0.16331880436, -0.16331880436, 0.0676488637563, },
  },
// 0,7
  {
    { 0.0344870916744, -0.098210927942, 0.146983040715, -0.173378317943, 0.173378317943, -0.146983040715, 0.098210927942, -0.0344870916744, },
    { 0.0344870916744, -0.098210927942, 0.146983040715, -0.173378317943, 0.173378317943, -0.146983040715, 0.098210927942, -0.0344870916744, },
    { 0.0344870916744, -0.098210927942, 0.146983040715, -0.173378317943, 0.173378317943, -0.146983040715, 0.098210927942, -0.0344870916744, },
    { 0.0344870916744, -0.098210927942, 0.146983040715, -0.173378317943, 0.173378317943, -0.146983040715, 0.098210927942, -0.0344870916744, },
    { 0.0344870916744, -0.098210927942, 0.146983040715, -0.173378317943, 0.173378317943, -0.146983040715, 0.098210927942, -0.0344870916744, },
    { 0.0344870916744, -0.098210927942, 0.146983040715, -0.173378317943, 0.173378317943, -0.146983040715, 0.098210927942, -0.0344870916744, },
    { 0.0344870916744, -0.098210927942, 0.146983040715, -0.173378317943, 0.173378317943, -0.146983040715, 0.098210927942, -0.0344870916744, },
    { 0.0344870916744, -0.098210927942, 0.146983040715, -0.173378317943, 0.173378317943, -0.146983040715, 0.098210927942, -0.0344870916744, },
  },
// 1,0
  {
    { 0.173378317943, 0.173378317943, 0.173378317943, 0.173378317943, 0.173378317943, 0.173378317943, 0.173378317943, 0.173378317943, },
    { 0.146983040715, 0.146983040715, 0.146983040715, 0.146983040715, 0.146983040715, 0.146983040715, 0.146983040715, 0.146983040715, },
    { 0.098210927942, 0.098210927942, 0.098210927942, 0.098210927942, 0.098210927942, 0.098210927942, 0.098210927942, 0.098210927942, },
    { 0.0344870916744, 0.0344870916744, 0.0344870916744, 0.0344870916744, 0.0344870916744, 0.0344870916744, 0.0344870916744, 0.0344870916744, },
    { -0.0344870916744, -0.0344870916744, -0.0344870916744, -0.0344870916744, -0.0344870916744, -0.0344870916744, -0.0344870916744, -0.0344870916744, },
    { -0.098210927942, -0.098210927942, -0.098210927942, -0.098210927942, -0.098210927942, -0.098210927942, -0.098210927942, -0.098210927942, },
    { -0.146983040715, -0.146983040715, -0.146983040715, -0.146983040715, -0.146983040715, -0.146983040715, -0.146983040715, -0.146983040715, },
    { -0.173378317943, -0.173378317943, -0.173378317943, -0.173378317943, -0.173378317943, -0.173378317943, -0.173378317943, -0.173378317943, },
  },
// 1,1
  {
    { 0.240484941564, 0.203873289212, 0.136223776694, 0.0478354290456, -0.0478354290456, -0.136223776694, -0.203873289212, -0.240484941564, },
    { 0.203873289212, 0.172835429046, 0.115484941564, 0.0405529186027, -0.0405529186027, -0.115484941564, -0.172835429046, -0.203873289212, },
    { 0.136223776694, 0.115484941564, 0.0771645709544, 0.0270965939156, -0.0270965939156, -0.0771645709544, -0.115484941564, -0.136223776694, },
    { 0.0478354290456, 0.0405529186027, 0.0270965939156, 0.00951505843609, -0.00951505843609, -0.0270965939156, -0.0405529186027, -0.0478354290456, },
    { -0.0478354290456, -0.0405529186027, -0.0270965939156, -0.00951505843609, 0.00951505843609, 0.0270965939156, 0.0405529186027, 0.0478354290456, },
    { -0.136223776694, -0.115484941564, -0.0771645709544, -0.0270965939156, 0.0270965939156, 0.0771645709544, 0.115484941564, 0.136223776694, },
    { -0.203873289212, -0.172835429046, -0.115484941564, -0.0405529186027, 0.0405529186027, 0.115484941564, 0.172835429046, 0.203873289212, },
    { -0.240484941564, -0.203873289212, -0.136223776694, -0.0478354290456, 0.0478354290456, 0.136223776694, 0.203873289212, 0.240484941564, },
  },
// 1,2
  {
    { 0.226531861588, 0.0938325693795, -0.0938325693795, -0.226531861588, -0.226531861588, -0.0938325693795, 0.0938325693795, 0.226531861588, },
    { 0.192044439178, 0.0795474112858, -0.0795474112858, -0.192044439178, -0.192044439178, -0.0795474112858, 0.0795474112858, 0.192044439178, },
    { 0.12831999179, 0.053151880923, -0.053151880923, -0.12831999179, -0.12831999179, -0.053151880923, 0.053151880923, 0.12831999179, },
    { 0.0450599888754, 0.0186644585126, -0.0186644585126, -0.0450599888754, -0.0450599888754, -0.0186644585126, 0.0186644585126, 0.0450599888754, },
    { -0.0450599888754, -0.0186644585126, 0.0186644585126, 0.0450599888754, 0.0450599888754, 0.0186644585126, -0.0186644585126, -0.0450599888754, },
    { -0.12831999179, -0.053151880923, 0.053151880923, 0.12831999179, 0.12831999179, 0.053151880923, -0.053151880923, -0.12831999179, },
    { -0.192044439178, -0.0795474112858, 0.0795474112858, 0.192044439178, 0.192044439178, 0.0795474112858, -0.0795474112858, -0.192044439178, },
    { -0.226531861588, -0.0938325693795, 0.0938325693795, 0.226531861588, 0.226531861588, 0.0938325693795, -0.0938325693795, -0.226531861588, },
  },
// 1,3
  {
    { 0.203873289212, -0.0478354290456, -0.240484941564, -0.136223776694, 0.136223776694, 0.240484941564, 0.0478354290456, -0.203873289212, },
    { 0.172835429046, -0.0405529186027, -0.203873289212, -0.115484941564, 0.115484941564, 0.203873289212, 0.0405529186027, -0.172835429046, },
    { 0.115484941564, -0.0270965939156, -0.136223776694, -0.0771645709544, 0.0771645709544, 0.136223776694, 0.0270965939156, -0.115484941564, },
    { 0.0405529186027, -0.00951505843609, -0.0478354290456, -0.0270965939156, 0.0270965939156, 0.0478354290456, 0.00951505843609, -0.0405529186027, },
    { -0.0405529186027, 0.00951505843609, 0.0478354290456, 0.0270965939156, -0.0270965939156, -0.0478354290456, -0.00951505843609, 0.0405529186027, },
    { -0.115484941564, 0.0270965939156, 0.136223776694, 0.0771645709544, -0.0771645709544, -0.136223776694, -0.0270965939156, 0.115484941564, },
    { -0.172835429046, 0.0405529186027, 0.203873289212, 0.115484941564, -0.115484941564, -0.203873289212, -0.0405529186027, 0.172835429046, },
    { -0.203873289212, 0.0478354290456, 0.240484941564, 0.136223776694, -0.136223776694, -0.240484941564, -0.0478354290456, 0.203873289212, },
  },
// 1,4
  {
    { 0.173379980665, -0.173379980665, -0.173379980665, 0.173379980665, 0.173379980665, -0.173379980665, -0.173379980665, 0.173379980665, },
    { 0.146984450302, -0.146984450302, -0.146984450302, 0.146984450302, 0.146984450302, -0.146984450302, -0.146984450302, 0.146984450302, },
    { 0.0982118697984, -0.0982118697984, -0.0982118697984, 0.0982118697984, 0.0982118697984, -0.0982118697984, -0.0982118697984, 0.0982118697984, },
    { 0.0344874224104, -0.0344874224104, -0.0344874224104, 0.0344874224104, 0.0344874224104, -0.0344874224104, -0.0344874224104, 0.0344874224104, },
    { -0.0344874224104, 0.0344874224104, 0.0344874224104, -0.0344874224104, -0.0344874224104, 0.0344874224104, 0.0344874224104, -0.0344874224104, },
    { -0.0982118697984, 0.0982118697984, 0.0982118697984, -0.0982118697984, -0.0982118697984, 0.0982118697984, 0.0982118697984, -0.0982118697984, },
    { -0.146984450302, 0.146984450302, 0.146984450302, -0.146984450302, -0.146984450302, 0.146984450302, 0.146984450302, -0.146984450302, },
    { -0.173379980665, 0.173379980665, 0.173379980665, -0.173379980665, -0.173379980665, 0.173379980665, 0.173379980665, -0.173379980665, },
  },
// 1,5
  {
    { 0.136223776694, -0.240484941564, 0.0478354290456, 0.203873289212, -0.203873289212, -0.0478354290456, 0.240484941564, -0.136223776694, },
    { 0.115484941564, -0.203873289212, 0.0405529186027, 0.172835429046, -0.172835429046, -0.0405529186027, 0.203873289212, -0.115484941564, },
    { 0.0771645709544, -0.136223776694, 0.0270965939156, 0.115484941564, -0.115484941564, -0.0270965939156, 0.136223776694, -0.0771645709544, },
    { 0.0270965939156, -0.0478354290456, 0.00951505843609, 0.0405529186027, -0.0405529186027, -0.00951505843609, 0.0478354290456, -0.0270965939156, },
    { -0.0270965939156, 0.0478354290456, -0.00951505843609, -0.0405529186027, 0.0405529186027, 0.00951505843609, -0.0478354290456, 0.0270965939156, },
    { -0.0771645709544, 0.136223776694, -0.0270965939156, -0.115484941564, 0.115484941564, 0.0270965939156, -0.136223776694, 0.0771645709544, },
    { -0.115484941564, 0.203873289212, -0.0405529186027, -0.172835429046, 0.172835429046, 0.0405529186027, -0.203873289212, 0.115484941564, },
    { -0.136223776694, 0.240484941564, -0.0478354290456, -0.203873289212, 0.203873289212, 0.0478354290456, -0.240484941564, 0.136223776694, },
  },
// 1,6
  {
    { 0.0938325693795, -0.226531861588, 0.226531861588, -0.0938325693795, -0.0938325693795, 0.226531861588, -0.226531861588, 0.0938325693795, },
    { 0.0795474112858, -0.192044439178, 0.192044439178, -0.0795474112858, -0.0795474112858, 0.192044439178, -0.192044439178, 0.0795474112858, },
    { 0.053151880923, -0.12831999179, 0.12831999179, -0.053151880923, -0.053151880923, 0.12831999179, -0.12831999179, 0.053151880923, },
    { 0.0186644585126, -0.0450599888754, 0.0450599888754, -0.0186644585126, -0.0186644585126, 0.0450599888754, -0.0450599888754, 0.0186644585126, },
    { -0.0186644585126, 0.0450599888754, -0.0450599888754, 0.0186644585126, 0.0186644585126, -0.0450599888754, 0.0450599888754, -0.0186644585126, },
    { -0.053151880923, 0.12831999179, -0.12831999179, 0.053151880923, 0.053151880923, -0.12831999179, 0.12831999179, -0.053151880923, },
    { -0.0795474112858, 0.192044439178, -0.192044439178, 0.0795474112858, 0.0795474112858, -0.192044439178, 0.192044439178, -0.0795474112858, },
    { -0.0938325693795, 0.226531861588, -0.226531861588, 0.0938325693795, 0.0938325693795, -0.226531861588, 0.226531861588, -0.0938325693795, },
  },
// 1,7
  {
    { 0.0478354290456, -0.136223776694, 0.203873289212, -0.240484941564, 0.240484941564, -0.203873289212, 0.136223776694, -0.0478354290456, },
    { 0.0405529186027, -0.115484941564, 0.172835429046, -0.203873289212, 0.203873289212, -0.172835429046, 0.115484941564, -0.0405529186027, },
    { 0.0270965939156, -0.0771645709544, 0.115484941564, -0.136223776694, 0.136223776694, -0.115484941564, 0.0771645709544, -0.0270965939156, },
    { 0.00951505843609, -0.0270965939156, 0.0405529186027, -0.0478354290456, 0.0478354290456, -0.0405529186027, 0.0270965939156, -0.00951505843609, },
    { -0.00951505843609, 0.0270965939156, -0.0405529186027, 0.0478354290456, -0.0478354290456, 0.0405529186027, -0.0270965939156, 0.00951505843609, },
    { -0.0270965939156, 0.0771645709544, -0.115484941564, 0.136223776694, -0.136223776694, 0.115484941564, -0.0771645709544, 0.0270965939156, },
    { -0.0405529186027, 0.115484941564, -0.172835429046, 0.203873289212, -0.203873289212, 0.172835429046, -0.115484941564, 0.0405529186027, },
    { -0.0478354290456, 0.136223776694, -0.203873289212, 0.240484941564, -0.240484941564, 0.203873289212, -0.136223776694, 0.0478354290456, },
  },
// 2,0
  {
    { 0.16331880436, 0.16331880436, 0.16331880436, 0.16331880436, 0.16331880436, 0.16331880436, 0.16331880436, 0.16331880436, },
    { 0.0676488637563, 0.0676488637563, 0.0676488637563, 0.0676488637563, 0.0676488637563, 0.0676488637563, 0.0676488637563, 0.0676488637563, },
    { -0.0676488637563, -0.0676488637563, -0.0676488637563, -0.0676488637563, -0.0676488637563, -0.0676488637563, -0.0676488637563, -0.0676488637563, },
    { -0.16331880436, -0.16331880436, -0.16331880436, -0.16331880436, -0.16331880436, -0.16331880436, -0.16331880436, -0.16331880436, },
    { -0.16331880436, -0.16331880436, -0.16331880436, -0.16331880436, -0.16331880436, -0.16331880436, -0.16331880436, -0.16331880436, },
    { -0.0676488637563, -0.0676488637563, -0.0676488637563, -0.0676488637563, -0.0676488637563, -0.0676488637563, -0.0676488637563, -0.0676488637563, },
    { 0.0676488637563, 0.0676488637563, 0.0676488637563, 0.0676488637563, 0.0676488637563, 0.0676488637563, 0.0676488637563, 0.0676488637563, },
    { 0.16331880436, 0.16331880436, 0.16331880436, 0.16331880436, 0.16331880436, 0.16331880436, 0.16331880436, 0.16331880436, },
  },
// 2,1
  {
    { 0.226531861588, 0.192044439178, 0.12831999179, 0.0450599888754, -0.0450599888754, -0.12831999179, -0.192044439178, -0.226531861588, },
    { 0.0938325693795, 0.0795474112858, 0.053151880923, 0.0186644585126, -0.0186644585126, -0.053151880923, -0.0795474112858, -0.0938325693795, },
    { -0.0938325693795, -0.0795474112858, -0.053151880923, -0.0186644585126, 0.0186644585126, 0.053151880923, 0.0795474112858, 0.0938325693795, },
    { -0.226531861588, -0.192044439178, -0.12831999179, -0.0450599888754, 0.0450599888754, 0.12831999179, 0.192044439178, 0.226531861588, },
    { -0.226531861588, -0.192044439178, -0.12831999179, -0.0450599888754, 0.0450599888754, 0.12831999179, 0.192044439178, 0.226531861588, },
    { -0.0938325693795, -0.0795474112858, -0.053151880923, -0.0186644585126, 0.0186644585126, 0.053151880923, 0.0795474112858, 0.0938325693795, },
    { 0.0938325693795, 0.0795474112858, 0.053151880923, 0.0186644585126, -0.0186644585126, -0.053151880923, -0.0795474112858, -0.0938325693795, },
    { 0.226531861588, 0.192044439178, 0.12831999179, 0.0450599888754, -0.0450599888754, -0.12831999179, -0.192044439178, -0.226531861588, },
  },
// 2,2
  {
    { 0.213388347648, 0.0883883476483, -0.0883883476483, -0.213388347648, -0.213388347648, -0.0883883476483, 0.0883883476483, 0.213388347648, },
    { 0.0883883476483, 0.0366116523517, -0.0366116523517, -0.0883883476483, -0.0883883476483, -0.0366116523517, 0.0366116523517, 0.0883883476483, },
    { -0.0883883476483, -0.0366116523517, 0.0366116523517, 0.0883883476483, 0.0883883476483, 0.0366116523517, -0.0366116523517, -0.0883883476483, },
    { -0.213388347648, -0.0883883476483, 0.0883883476483, 0.213388347648, 0.213388347648, 0.0883883476483, -0.0883883476483, -0.213388347648, },
    { -0.213388347648, -0.0883883476483, 0.0883883476483, 0.213388347648, 0.213388347648, 0.0883883476483, -0.0883883476483, -0.213388347648, },
    { -0.0883883476483, -0.0366116523517, 0.0366116523517, 0.0883883476483, 0.0883883476483, 0.0366116523517, -0.0366116523517, -0.0883883476483, },
    { 0.0883883476483, 0.0366116523517, -0.0366116523517, -0.0883883476483, -0.0883883476483, -0.0366116523517, 0.0366116523517, 0.0883883476483, },
    { 0.213388347648, 0.0883883476483, -0.0883883476483, -0.213388347648, -0.213388347648, -0.0883883476483, 0.0883883476483, 0.213388347648, },
  },
// 2,3
  {
    { 0.192044439178, -0.0450599888754, -0.226531861588, -0.12831999179, 0.12831999179, 0.226531861588, 0.0450599888754, -0.192044439178, },
    { 0.0795474112858, -0.0186644585126, -0.0938325693795, -0.053151880923, 0.053151880923, 0.0938325693795, 0.0186644585126, -0.0795474112858, },
    { -0.0795474112858, 0.0186644585126, 0.0938325693795, 0.053151880923, -0.053151880923, -0.0938325693795, -0.0186644585126, 0.0795474112858, },
    { -0.192044439178, 0.0450599888754, 0.226531861588, 0.12831999179, -0.12831999179, -0.226531861588, -0.0450599888754, 0.192044439178, },
    { -0.192044439178, 0.0450599888754, 0.226531861588, 0.12831999179, -0.12831999179, -0.226531861588, -0.0450599888754, 0.192044439178, },
    { -0.0795474112858, 0.0186644585126, 0.0938325693795, 0.053151880923, -0.053151880923, -0.0938325693795, -0.0186644585126, 0.0795474112858, },
    { 0.0795474112858, -0.0186644585126, -0.0938325693795, -0.053151880923, 0.053151880923, 0.0938325693795, 0.0186644585126, -0.0795474112858, },
    { 0.192044439178, -0.0450599888754, -0.226531861588, -0.12831999179, 0.12831999179, 0.226531861588, 0.0450599888754, -0.192044439178, },
  },
// 2,4
  {
    { 0.16332037061, -0.16332037061, -0.16332037061, 0.16332037061, 0.16332037061, -0.16332037061, -0.16332037061, 0.16332037061, },
    { 0.0676495125183, -0.0676495125183, -0.0676495125183, 0.0676495125183, 0.0676495125183, -0.0676495125183, -0.0676495125183, 0.0676495125183, },
    { -0.0676495125183, 0.0676495125183, 0.0676495125183, -0.0676495125183, -0.0676495125183, 0.0676495125183, 0.0676495125183, -0.0676495125183, },
    { -0.16332037061, 0.16332037061, 0.16332037061, -0.16332037061, -0.16332037061, 0.16332037061, 0.16332037061, -0.16332037061, },
    { -0.16332037061, 0.16332037061, 0.16332037061, -0.16332037061, -0.16332037061, 0.16332037061, 0.16332037061, -0.16332037061, },
    { -0.0676495125183, 0.0676495125183, 0.0676495125183, -0.0676495125183, -0.0676495125183, 0.0676495125183, 0.0676495125183, -0.0676495125183, },
    { 0.0676495125183, -0.0676495125183, -0.0676495125183, 0.0676495125183, 0.0676495125183, -0.0676495125183, -0.0676495125183, 0.0676495125183, },
    { 0.16332037061, -0.16332037061, -0.16332037061, 0.16332037061, 0.16332037061, -0.16332037061, -0.16332037061, 0.16332037061, },
  },
// 2,5
  {
    { 0.12831999179, -0.226531861588, 0.0450599888754, 0.192044439178, -0.192044439178, -0.0450599888754, 0.226531861588, -0.12831999179, },
    { 0.053151880923, -0.0938325693795, 0.0186644585126, 0.0795474112858, -0.0795474112858, -0.0186644585126, 0.0938325693795, -0.053151880923, },
    { -0.053151880923, 0.0938325693795, -0.0186644585126, -0.0795474112858, 0.0795474112858, 0.0186644585126, -0.0938325693795, 0.053151880923, },
    { -0.12831999179, 0.226531861588, -0.0450599888754, -0.192044439178, 0.192044439178, 0.0450599888754, -0.226531861588, 0.12831999179, },
    { -0.12831999179, 0.226531861588, -0.0450599888754, -0.192044439178, 0.192044439178, 0.0450599888754, -0.226531861588, 0.12831999179, },
    { -0.053151880923, 0.0938325693795, -0.0186644585126, -0.0795474112858, 0.0795474112858, 0.0186644585126, -0.0938325693795, 0.053151880923, },
    { 0.053151880923, -0.0938325693795, 0.0186644585126, 0.0795474112858, -0.0795474112858, -0.0186644585126, 0.0938325693795, -0.053151880923, },
    { 0.12831999179, -0.226531861588, 0.0450599888754, 0.192044439178, -0.192044439178, -0.0450599888754, 0.226531861588, -0.12831999179, },
  },
// 2,6
  {
    { 0.0883883476483, -0.213388347648, 0.213388347648, -0.0883883476483, -0.0883883476483, 0.213388347648, -0.213388347648, 0.0883883476483, },
    { 0.0366116523517, -0.0883883476483, 0.0883883476483, -0.0366116523517, -0.0366116523517, 0.0883883476483, -0.0883883476483, 0.0366116523517, },
    { -0.0366116523517, 0.0883883476483, -0.0883883476483, 0.0366116523517, 0.0366116523517, -0.0883883476483, 0.0883883476483, -0.0366116523517, },
    { -0.0883883476483, 0.213388347648, -0.213388347648, 0.0883883476483, 0.0883883476483, -0.213388347648, 0.213388347648, -0.0883883476483, },
    { -0.0883883476483, 0.213388347648, -0.213388347648, 0.0883883476483, 0.0883883476483, -0.213388347648, 0.213388347648, -0.0883883476483, },
    { -0.0366116523517, 0.0883883476483, -0.0883883476483, 0.0366116523517, 0.0366116523517, -0.0883883476483, 0.0883883476483, -0.0366116523517, },
    { 0.0366116523517, -0.0883883476483, 0.0883883476483, -0.0366116523517, -0.0366116523517, 0.0883883476483, -0.0883883476483, 0.0366116523517, },
    { 0.0883883476483, -0.213388347648, 0.213388347648, -0.0883883476483, -0.0883883476483, 0.213388347648, -0.213388347648, 0.0883883476483, },
  },
// 2,7
  {
    { 0.0450599888754, -0.12831999179, 0.192044439178, -0.226531861588, 0.226531861588, -0.192044439178, 0.12831999179, -0.0450599888754, },
    { 0.0186644585126, -0.053151880923, 0.0795474112858, -0.0938325693795, 0.0938325693795, -0.0795474112858, 0.053151880923, -0.0186644585126, },
    { -0.0186644585126, 0.053151880923, -0.0795474112858, 0.0938325693795, -0.0938325693795, 0.0795474112858, -0.053151880923, 0.0186644585126, },
    { -0.0450599888754, 0.12831999179, -0.192044439178, 0.226531861588, -0.226531861588, 0.192044439178, -0.12831999179, 0.0450599888754, },
    { -0.0450599888754, 0.12831999179, -0.192044439178, 0.226531861588, -0.226531861588, 0.192044439178, -0.12831999179, 0.0450599888754, },
    { -0.0186644585126, 0.053151880923, -0.0795474112858, 0.0938325693795, -0.0938325693795, 0.0795474112858, -0.053151880923, 0.0186644585126, },
    { 0.0186644585126, -0.053151880923, 0.0795474112858, -0.0938325693795, 0.0938325693795, -0.0795474112858, 0.053151880923, -0.0186644585126, },
    { 0.0450599888754, -0.12831999179, 0.192044439178, -0.226531861588, 0.226531861588, -0.192044439178, 0.12831999179, -0.0450599888754, },
  },
// 3,0
  {
    { 0.146983040715, 0.146983040715, 0.146983040715, 0.146983040715, 0.146983040715, 0.146983040715, 0.146983040715, 0.146983040715, },
    { -0.0344870916744, -0.0344870916744, -0.0344870916744, -0.0344870916744, -0.0344870916744, -0.0344870916744, -0.0344870916744, -0.0344870916744, },
    { -0.173378317943, -0.173378317943, -0.173378317943, -0.173378317943, -0.173378317943, -0.173378317943, -0.173378317943, -0.173378317943, },
    { -0.098210927942, -0.098210927942, -0.098210927942, -0.098210927942, -0.098210927942, -0.098210927942, -0.098210927942, -0.098210927942, },
    { 0.098210927942, 0.098210927942, 0.098210927942, 0.098210927942, 0.098210927942, 0.098210927942, 0.098210927942, 0.098210927942, },
    { 0.173378317943, 0.173378317943, 0.173378317943, 0.173378317943, 0.173378317943, 0.173378317943, 0.173378317943, 0.173378317943, },
    { 0.0344870916744, 0.0344870916744, 0.0344870916744, 0.0344870916744, 0.0344870916744, 0.0344870916744, 0.0344870916744, 0.0344870916744, },
    { -0.146983040715, -0.146983040715, -0.146983040715, -0.146983040715, -0.146983040715, -0.146983040715, -0.146983040715, -0.146983040715, },
  },
// 3,1
  {
    { 0.203873289212, 0.172835429046, 0.115484941564, 0.0405529186027, -0.0405529186027, -0.115484941564, -0.172835429046, -0.203873289212, },
    { -0.0478354290456, -0.0405529186027, -0.0270965939156, -0.00951505843609, 0.00951505843609, 0.0270965939156, 0.0405529186027, 0.0478354290456, },
    { -0.240484941564, -0.203873289212, -0.136223776694, -0.0478354290456, 0.0478354290456, 0.136223776694, 0.203873289212, 0.240484941564, },
    { -0.136223776694, -0.115484941564, -0.0771645709544, -0.0270965939156, 0.0270965939156, 0.0771645709544, 0.115484941564, 0.136223776694, },
    { 0.136223776694, 0.115484941564, 0.0771645709544, 0.0270965939156, -0.0270965939156, -0.0771645709544, -0.115484941564, -0.136223776694, },
    { 0.240484941564, 0.203873289212, 0.136223776694, 0.0478354290456, -0.0478354290456, -0.136223776694, -0.203873289212, -0.240484941564, },
    { 0.0478354290456, 0.0405529186027, 0.0270965939156, 0.00951505843609, -0.00951505843609, -0.0270965939156, -0.0405529186027, -0.0478354290456, },
    { -0.203873289212, -0.172835429046, -0.115484941564, -0.0405529186027, 0.0405529186027, 0.115484941564, 0.172835429046, 0.203873289212, },
  },
// 3,2
  {
    { 0.192044439178, 0.0795474112858, -0.0795474112858, -0.192044439178, -0.192044439178, -0.0795474112858, 0.0795474112858, 0.192044439178, },
    { -0.0450599888754, -0.0186644585126, 0.0186644585126, 0.0450599888754, 0.0450599888754, 0.0186644585126, -0.0186644585126, -0.0450599888754, },
    { -0.226531861588, -0.0938325693795, 0.0938325693795, 0.226531861588, 0.226531861588, 0.0938325693795, -0.0938325693795, -0.226531861588, },
    { -0.12831999179, -0.053151880923, 0.053151880923, 0.12831999179, 0.12831999179, 0.053151880923, -0.053151880923, -0.12831999179, },
    { 0.12831999179, 0.053151880923, -0.053151880923, -0.12831999179, -0.12831999179, -0.053151880923, 0.053151880923, 0.12831999179, },
    { 0.226531861588, 0.0938325693795, -0.0938325693795, -0.226531861588, -0.226531861588, -0.0938325693795, 0.0938325693795, 0.226531861588, },
    { 0.0450599888754, 0.0186644585126, -0.0186644585126, -0.0450599888754, -0.0450599888754, -0.0186644585126, 0.0186644585126, 0.0450599888754, },
    { -0.192044439178, -0.0795474112858, 0.0795474112858, 0.192044439178, 0.192044439178, 0.0795474112858, -0.0795474112858, -0.192044439178, },
  },
// 3,3
  {
    { 0.172835429046, -0.0405529186027, -0.203873289212, -0.115484941564, 0.115484941564, 0.203873289212, 0.0405529186027, -0.172835429046, },
    { -0.0405529186027, 0.00951505843609, 0.0478354290456, 0.0270965939156, -0.0270965939156, -0.0478354290456, -0.00951505843609, 0.0405529186027, },
    { -0.203873289212, 0.0478354290456, 0.240484941564, 0.136223776694, -0.136223776694, -0.240484941564, -0.0478354290456, 0.203873289212, },
    { -0.115484941564, 0.0270965939156, 0.136223776694, 0.0771645709544, -0.0771645709544, -0.136223776694, -0.0270965939156, 0.115484941564, },
    { 0.115484941564, -0.0270965939156, -0.136223776694, -0.0771645709544, 0.0771645709544, 0.136223776694, 0.0270965939156, -0.115484941564, },
    { 0.203873289212, -0.0478354290456, -0.240484941564, -0.136223776694, 0.136223776694, 0.240484941564, 0.0478354290456, -0.203873289212, },
    { 0.0405529186027, -0.00951505843609, -0.0478354290456, -0.0270965939156, 0.0270965939156, 0.0478354290456, 0.00951505843609, -0.0405529186027, },
    { -0.172835429046, 0.0405529186027, 0.203873289212, 0.115484941564, -0.115484941564, -0.203873289212, -0.0405529186027, 0.172835429046, },
  },
// 3,4
  {
    { 0.146984450302, -0.146984450302, -0.146984450302, 0.146984450302, 0.146984450302, -0.146984450302, -0.146984450302, 0.146984450302, },
    { -0.0344874224104, 0.0344874224104, 0.0344874224104, -0.0344874224104, -0.0344874224104, 0.0344874224104, 0.0344874224104, -0.0344874224104, },
    { -0.173379980665, 0.173379980665, 0.173379980665, -0.173379980665, -0.173379980665, 0.173379980665, 0.173379980665, -0.173379980665, },
    { -0.0982118697984, 0.0982118697984, 0.0982118697984, -0.0982118697984, -0.0982118697984, 0.0982118697984, 0.0982118697984, -0.0982118697984, },
    { 0.0982118697984, -0.0982118697984, -0.0982118697984, 0.0982118697984, 0.0982118697984, -0.0982118697984, -0.0982118697984, 0.0982118697984, },
    { 0.173379980665, -0.173379980665, -0.173379980665, 0.173379980665, 0.173379980665, -0.173379980665, -0.173379980665, 0.173379980665, },
    { 0.0344874224104, -0.0344874224104, -0.0344874224104, 0.0344874224104, 0.0344874224104, -0.0344874224104, -0.0344874224104, 0.0344874224104, },
    { -0.146984450302, 0.146984450302, 0.146984450302, -0.146984450302, -0.146984450302, 0.146984450302, 0.146984450302, -0.146984450302, },
  },
// 3,5
  {
    { 0.115484941564, -0.203873289212, 0.0405529186027, 0.172835429046, -0.172835429046, -0.0405529186027, 0.203873289212, -0.115484941564, },
    { -0.0270965939156, 0.0478354290456, -0.00951505843609, -0.0405529186027, 0.0405529186027, 0.00951505843609, -0.0478354290456, 0.0270965939156, },
    { -0.136223776694, 0.240484941564, -0.0478354290456, -0.203873289212, 0.203873289212, 0.0478354290456, -0.240484941564, 0.136223776694, },
    { -0.0771645709544, 0.136223776694, -0.0270965939156, -0.115484941564, 0.115484941564, 0.0270965939156, -0.136223776694, 0.0771645709544, },
    { 0.0771645709544, -0.136223776694, 0.0270965939156, 0.115484941564, -0.115484941564, -0.0270965939156, 0.136223776694, -0.0771645709544, },
    { 0.136223776694, -0.240484941564, 0.0478354290456, 0.203873289212, -0.203873289212, -0.0478354290456, 0.240484941564, -0.136223776694, },
    { 0.0270965939156, -0.0478354290456, 0.00951505843609, 0.0405529186027, -0.0405529186027, -0.00951505843609, 0.0478354290456, -0.0270965939156, },
    { -0.115484941564, 0.203873289212, -0.0405529186027, -0.172835429046, 0.172835429046, 0.0405529186027, -0.203873289212, 0.115484941564, },
  },
// 3,6
  {
    { 0.0795474112858, -0.192044439178, 0.192044439178, -0.0795474112858, -0.0795474112858, 0.192044439178, -0.192044439178, 0.0795474112858, },
    { -0.0186644585126, 0.0450599888754, -0.0450599888754, 0.0186644585126, 0.0186644585126, -0.0450599888754, 0.0450599888754, -0.0186644585126, },
    { -0.0938325693795, 0.226531861588, -0.226531861588, 0.0938325693795, 0.0938325693795, -0.226531861588, 0.226531861588, -0.0938325693795, },
    { -0.053151880923, 0.12831999179, -0.12831999179, 0.053151880923, 0.053151880923, -0.12831999179, 0.12831999179, -0.053151880923, },
    { 0.053151880923, -0.12831999179, 0.12831999179, -0.053151880923, -0.053151880923, 0.12831999179, -0.12831999179, 0.053151880923, },
    { 0.0938325693795, -0.226531861588, 0.226531861588, -0.0938325693795, -0.0938325693795, 0.226531861588, -0.226531861588, 0.0938325693795, },
    { 0.0186644585126, -0.0450599888754, 0.0450599888754, -0.0186644585126, -0.0186644585126, 0.0450599888754, -0.0450599888754, 0.0186644585126, },
    { -0.0795474112858, 0.192044439178, -0.192044439178, 0.0795474112858, 0.0795474112858, -0.192044439178, 0.192044439178, -0.0795474112858, },
  },
// 3,7
  {
    { 0.0405529186027, -0.115484941564, 0.172835429046, -0.203873289212, 0.203873289212, -0.172835429046, 0.115484941564, -0.0405529186027, },
    { -0.00951505843609, 0.0270965939156, -0.0405529186027, 0.0478354290456, -0.0478354290456, 0.0405529186027, -0.0270965939156, 0.00951505843609, },
    { -0.0478354290456, 0.136223776694, -0.203873289212, 0.240484941564, -0.240484941564, 0.203873289212, -0.136223776694, 0.0478354290456, },
    { -0.0270965939156, 0.0771645709544, -0.115484941564, 0.136223776694, -0.136223776694, 0.115484941564, -0.0771645709544, 0.0270965939156, },
    { 0.0270965939156, -0.0771645709544, 0.115484941564, -0.136223776694, 0.136223776694, -0.115484941564, 0.0771645709544, -0.0270965939156, },
    { 0.0478354290456, -0.136223776694, 0.203873289212, -0.240484941564, 0.240484941564, -0.203873289212, 0.136223776694, -0.0478354290456, },
    { 0.00951505843609, -0.0270965939156, 0.0405529186027, -0.0478354290456, 0.0478354290456, -0.0405529186027, 0.0270965939156, -0.00951505843609, },
    { -0.0405529186027, 0.115484941564, -0.172835429046, 0.203873289212, -0.203873289212, 0.172835429046, -0.115484941564, 0.0405529186027, },
  },
// 4,0
  {
    { 0.124998801244, 0.124998801244, 0.124998801244, 0.124998801244, 0.124998801244, 0.124998801244, 0.124998801244, 0.124998801244, },
    { -0.124998801244, -0.124998801244, -0.124998801244, -0.124998801244, -0.124998801244, -0.124998801244, -0.124998801244, -0.124998801244, },
    { -0.124998801244, -0.124998801244, -0.124998801244, -0.124998801244, -0.124998801244, -0.124998801244, -0.124998801244, -0.124998801244, },
    { 0.124998801244, 0.124998801244, 0.124998801244, 0.124998801244, 0.124998801244, 0.124998801244, 0.124998801244, 0.124998801244, },
    { 0.124998801244, 0.124998801244, 0.124998801244, 0.124998801244, 0.124998801244, 0.124998801244, 0.124998801244, 0.124998801244, },
    { -0.124998801244, -0.124998801244, -0.124998801244, -0.124998801244, -0.124998801244, -0.124998801244, -0.124998801244, -0.124998801244, },
    { -0.124998801244, -0.124998801244, -0.124998801244, -0.124998801244, -0.124998801244, -0.124998801244, -0.124998801244, -0.124998801244, },
    { 0.124998801244, 0.124998801244, 0.124998801244, 0.124998801244, 0.124998801244, 0.124998801244, 0.124998801244, 0.124998801244, },
  },
// 4,1
  {
    { 0.173379980665, 0.146984450302, 0.0982118697984, 0.0344874224104, -0.0344874224104, -0.0982118697984, -0.146984450302, -0.173379980665, },
    { -0.173379980665, -0.146984450302, -0.0982118697984, -0.0344874224104, 0.0344874224104, 0.0982118697984, 0.146984450302, 0.173379980665, },
    { -0.173379980665, -0.146984450302, -0.0982118697984, -0.0344874224104, 0.0344874224104, 0.0982118697984, 0.146984450302, 0.173379980665, },
    { 0.173379980665, 0.146984450302, 0.0982118697984, 0.0344874224104, -0.0344874224104, -0.0982118697984, -0.146984450302, -0.173379980665, },
    { 0.173379980665, 0.146984450302, 0.0982118697984, 0.0344874224104, -0.0344874224104, -0.0982118697984, -0.146984450302, -0.173379980665, },
    { -0.173379980665, -0.146984450302, -0.0982118697984, -0.0344874224104, 0.0344874224104, 0.0982118697984, 0.146984450302, 0.173379980665, },
    { -0.173379980665, -0.146984450302, -0.0982118697984, -0.0344874224104, 0.0344874224104, 0.0982118697984, 0.146984450302, 0.173379980665, },
    { 0.173379980665, 0.146984450302, 0.0982118697984, 0.0344874224104, -0.0344874224104, -0.0982118697984, -0.146984450302, -0.173379980665, },
  },
// 4,2
  {
    { 0.16332037061, 0.0676495125183, -0.0676495125183, -0.16332037061, -0.16332037061, -0.0676495125183, 0.0676495125183, 0.16332037061, },
    { -0.16332037061, -0.0676495125183, 0.0676495125183, 0.16332037061, 0.16332037061, 0.0676495125183, -0.0676495125183, -0.16332037061, },
